255 255 255 255   0   0   0   0   0   0   0   0   0   0   0   0
255 255 255 255   0   0   0   0   0   0   0   0   0   0   0   0
255 255 255 255   0   0   0   0   0   0   0   0   0   0   0   0
255 255 255 255   0   0   0   0   0   0   0   0   0   0   0   0
255 255 255 255   0   0   0   0 255 255 255 255 255 255 255 255
255 255 255 255   0   0   0   0 255 255 255 255 255 255 255 255
255 255 255 255   0   0   0   0 255 255 255 255 255 255 255 255
255 255 255 255   0   0   0   0 255 255 255 255 255 255 255 255
  0   0   0   0 255 255 255 255 255 255 255 255   0   0   0   0
  0   0   0   0 255 255 255 255 255 255 255 255   0   0   0   0
  0   0   0   0 255 255 255 255 255 255 255 255   0   0   0   0
  0   0   0   0 255 255 255 255 255 255 255 255   0   0   0   0
  0   0   0   0 255 255 255 255   0   0   0   0 255 255 255 255
  0   0   0   0 255 255 255 255   0   0   0   0 255 255 255 255
  0   0   0   0 255 255 255 255   0   0   0   0 255 255 255 255
  0   0   0   0 255 255 255 255   0   0   0   0 255 255 255 255
255 255 255 255   0   0   0   0   0   0   0   0   0   0   0   0
255 255 255 255   0   0   0   0   0   0   0   0   0   0   0   0
255 255 255 255   0   0   0   0   0   0   0   0   0   0   0   0
255 255 255 255   0   0   0   0   0   0   0   0   0   0   0   0
255 255 255 255   0   0   0   0 255 255 255 255 255 255 255 255
255 255 255 255   0   0   0   0 255 255 255 255 255 255 255 255
255 255 255 255   0   0   0   0 255 255 255 255 255 255 255 255
255 255 255 255   0   0   0   0 255 255 255 255 255 255 255 255
  0   0   0   0 255 255 255 255 255 255 255 255   0   0   0   0
  0   0   0   0 255 255 255 255 255 255 255 255   0   0   0   0
  0   0   0   0 255 255 255 255 255 255 255 255   0   0   0   0
  0   0   0   0 255 255 255 255 255 255 255 255   0   0   0   0
  0   0   0   0 255 255 255 255   0   0   0   0 255 255 255 255
  0   0   0   0 255 255 255 255   0   0   0   0 255 255 255 255
  0   0   0   0 255 255 255 255   0   0   0   0 255 255 255 255
  0   0   0   0 255 255 255 255   0   0   0   0 255 255 255 255
255 255 255 255   0   0   0   0   0   0   0   0   0   0   0   0
255 255 255 255   0   0   0   0   0   0   0   0   0   0   0   0
255 255 255 255   0   0   0   0   0   0   0   0   0   0   0   0
255 255 255 255   0   0   0   0   0   0   0   0   0   0   0   0
255 255 255 255   0   0   0   0 255 255 255 255 255 255 255 255
255 255 255 255   0   0   0   0 255 255 255 255 255 255 255 255
255 255 255 255   0   0   0   0 255 255 255 255 255 255 255 255
255 255 255 255   0   0   0   0 255 255 255 255 255 255 255 255
  0   0   0   0 255 255 255 255 255 255 255 255   0   0   0   0
  0   0   0   0 255 255 255 255 255 255 255 255   0   0   0   0
  0   0   0   0 255 255 255 255 255 255 255 255   0   0   0   0
  0   0   0   0 255 255 255 255 255 255 255 255   0   0   0   0
  0   0   0   0 255 255 255 255   0   0   0   0 255 255 255 255
  0   0   0   0 255 255 255 255   0   0   0   0 255 255 255 255
  0   0   0   0 255 255 255 255   0   0   0   0 255 255 255 255
  0   0   0   0 255 255 255 255   0   0   0   0 255 255 255 255

  0   0   0  25 249 255 255 221  38   0   0   6 223 255 255 255
  0   0   0  25 249 255 255 221  38   0   0   6 223 255 255 255
  0   0   0  25 249 255 255 221  38   0   0   6 223 255 255 255
  0   0   0  25 249 255 255 225  65  31  31  36 199 223 223 223
  0   0   0  25 249 255 255 254 250 249 249 243  36   6   6   6
  0   0   0  25 249 255 255 255 255 255 255 249  31   0   0   0
  0   0   0  25 249 255 255 255 255 255 255 249  31   0   0   0
  0   0   0  21 211 217 217 222 249 255 255 250  65  38  38  38
  0   0   0   3  33  33  33  63 222 255 255 254 225 221 221 221
  0   0   0   0   0   0   0  33 217 255 255 255 255 255 255 255
  0   0   0   0   0   0   0  33 217 255 255 255 255 255 255 255
  6   6   6   6   6   6   6  38 212 249 249 249 249 249 249 249
230 230 229 230 230 230 230 202  55  25  25  25  25  25  25  25
255 255 255 255 255 255 255 221  38   0   0   0   0   0   0   0
255 255 255 255 255 255 255 221  38   0   0   0   0   0   0   0
255 255 255 255 255 255 255 221  38   0   0   0   0   0   0   0
  0   0   0  25 249 255 255 221  38   0   0   6 223 255 255 255
  0   0   0  25 249 255 255 221  38   0   0   6 223 255 255 255
  0   0   0  25 249 255 255 221  38   0   0   6 223 255 255 255
  0   0   0  25 249 255 255 225  65  31  31  36 199 223 223 223
  0   0   0  25 249 255 255 254 250 249 249 243  36   6   6   6
  0   0   0  25 249 255 255 255 255 255 255 249  31   0   0   0
  0   0   0  25 249 255 255 255 255 255 255 249  31   0   0   0
  0   0   0  21 211 217 217 222 249 255 255 250  65  38  38  38
  0   0   0   3  33  33  33  63 222 255 255 254 225 221 221 221
  0   0   0   0   0   0   0  33 217 255 255 255 255 255 255 255
  0   0   0   0   0   0   0  33 217 255 255 255 255 255 255 255
  6   6   6   6   6   6   6  38 212 249 249 249 249 249 249 249
230 230 229 230 230 230 230 202  55  25  25  25  25  25  25  25
255 255 255 255 255 255 255 221  38   0   0   0   0   0   0   0
255 255 255 255 255 255 255 221  38   0   0   0   0   0   0   0
255 255 255 255 255 255 255 221  38   0   0   0   0   0   0   0
  0   0   0  25 249 255 255 221  38   0   0   6 223 255 255 255
  0   0   0  25 249 255 255 221  38   0   0   6 223 255 255 255
  0   0   0  25 249 255 255 221  38   0   0   6 223 255 255 255
  0   0   0  25 249 255 255 225  65  31  31  36 199 223 223 223
  0   0   0  25 249 255 255 254 250 249 249 243  36   6   6   6
  0   0   0  25 249 255 255 255 255 255 255 249  31   0   0   0
  0   0   0  25 249 255 255 255 255 255 255 249  31   0   0   0
  0   0   0  21 211 217 217 222 249 255 255 250  65  38  38  38
  0   0   0   3  33  33  33  63 222 255 255 254 225 221 221 221
  0   0   0   0   0   0   0  33 217 255 255 255 255 255 255 255
  0   0   0   0   0   0   0  33 217 255 255 255 255 255 255 255
  6   6   6   6   6   6   6  38 212 249 249 249 249 249 249 249
230 230 229 230 230 230 230 202  55  25  25  25  25  25  25  25
255 255 255 255 255 255 255 221  38   0   0   0   0   0   0   0
255 255 255 255 255 255 255 221  38   0   0   0   0   0   0   0
255 255 255 255 255 255 255 221  38   0   0   0   0   0   0   0

255 255 255 223   6   0   0  38 221 255 255 249  25   0   0   0
255 255 255 223   6   0   0  38 221 255 255 249  25   0   0   0
255 255 255 223   6   0   0  38 221 255 255 249  25   0   0   0
223 223 223 199  36  31  31  65 225 255 255 249  25   0   0   0
  6   6   6  36 243 249 249 250 254 255 255 249  25   0   0   0
  0   0   0  31 249 255 255 255 255 255 255 249  25   0   0   0
  0   0   0  31 249 255 255 255 255 255 255 249  25   0   0   0
 38  38  38  65 250 255 255 249 222 217 217 212  55  38  38  38
221 221 221 225 254 255 255 222  63  33  33  38 202 221 221 221
255 255 255 255 255 255 255 217  33   0   0   6 230 255 255 255
255 255 255 255 255 255 255 217  33   0   0   6 230 255 255 255
249 249 249 249 249 249 249 211  33   0   0   6 230 255 255 255
 25  25  25  25  25  25  25  21   3   0   0   6 230 255 255 255
  0   0   0   0   0   0   0   0   0   0   0   6 229 255 255 255
  0   0   0   0   0   0   0   0   0   0   0   6 230 255 255 255
  0   0   0   0   0   0   0   0   0   0   0   6 230 255 255 255
255 255 255 223   6   0   0  38 221 255 255 249  25   0   0   0
255 255 255 223   6   0   0  38 221 255 255 249  25   0   0   0
255 255 255 223   6   0   0  38 221 255 255 249  25   0   0   0
223 223 223 199  36  31  31  65 225 255 255 249  25   0   0   0
  6   6   6  36 243 249 249 250 254 255 255 249  25   0   0   0
  0   0   0  31 249 255 255 255 255 255 255 249  25   0   0   0
  0   0   0  31 249 255 255 255 255 255 255 249  25   0   0   0
 38  38  38  65 250 255 255 249 222 217 217 212  55  38  38  38
221 221 221 225 254 255 255 222  63  33  33  38 202 221 221 221
255 255 255 255 255 255 255 217  33   0   0   6 230 255 255 255
255 255 255 255 255 255 255 217  33   0   0   6 230 255 255 255
249 249 249 249 249 249 249 211  33   0   0   6 230 255 255 255
 25  25  25  25  25  25  25  21   3   0   0   6 230 255 255 255
  0   0   0   0   0   0   0   0   0   0   0   6 229 255 255 255
  0   0   0   0   0   0   0   0   0   0   0   6 230 255 255 255
  0   0   0   0   0   0   0   0   0   0   0   6 230 255 255 255
255 255 255 223   6   0   0  38 221 255 255 249  25   0   0   0
255 255 255 223   6   0   0  38 221 255 255 249  25   0   0   0
255 255 255 223   6   0   0  38 221 255 255 249  25   0   0   0
223 223 223 199  36  31  31  65 225 255 255 249  25   0   0   0
  6   6   6  36 243 249 249 250 254 255 255 249  25   0   0   0
  0   0   0  31 249 255 255 255 255 255 255 249  25   0   0   0
  0   0   0  31 249 255 255 255 255 255 255 249  25   0   0   0
 38  38  38  65 250 255 255 249 222 217 217 212  55  38  38  38
221 221 221 225 254 255 255 222  63  33  33  38 202 221 221 221
255 255 255 255 255 255 255 217  33   0   0   6 230 255 255 255
255 255 255 255 255 255 255 217  33   0   0   6 230 255 255 255
249 249 249 249 249 249 249 211  33   0   0   6 230 255 255 255
 25  25  25  25  25  25  25  21   3   0   0   6 230 255 255 255
  0   0   0   0   0   0   0   0   0   0   0   6 229 255 255 255
  0   0   0   0   0   0   0   0   0   0   0   6 230 255 255 255
  0   0   0   0   0   0   0   0   0   0   0   6 230 255 255 255

  0   0   0   0   0   0   0  38 221 255 255 255 255 255 255 255
  0   0   0   0   0   0   0  38 221 255 255 255 255 255 255 255
  0   0   0   0   0   0   0  38 221 255 255 255 255 255 255 255
 25  25  25  25  25  25  25  55 202 230 230 230 230 229 230 230
249 249 249 249 249 249 249 212  38   6   6   6   6   6   6   6
255 255 255 255 255 255 255 217  33   0   0   0   0   0   0   0
255 255 255 255 255 255 255 217  33   0   0   0   0   0   0   0
221 221 221 225 254 255 255 222  63  33  33  33   3   0   0   0
 38  38  38  65 250 255 255 249 222 217 217 211  21   0   0   0
  0   0   0  31 249 255 255 255 255 255 255 249  25   0   0   0
  0   0   0  31 249 255 255 255 255 255 255 249  25   0   0   0
  6   6   6  36 243 249 249 250 254 255 255 249  25   0   0   0
223 223 223 199  36  31  31  65 225 255 255 249  25   0   0   0
255 255 255 223   6   0   0  38 221 255 255 249  25   0   0   0
255 255 255 223   6   0   0  38 221 255 255 249  25   0   0   0
255 255 255 223   6   0   0  38 221 255 255 249  25   0   0   0
  0   0   0   0   0   0   0  38 221 255 255 255 255 255 255 255
  0   0   0   0   0   0   0  38 221 255 255 255 255 255 255 255
  0   0   0   0   0   0   0  38 221 255 255 255 255 255 255 255
 25  25  25  25  25  25  25  55 202 230 230 230 230 229 230 230
249 249 249 249 249 249 249 212  38   6   6   6   6   6   6   6
255 255 255 255 255 255 255 217  33   0   0   0   0   0   0   0
255 255 255 255 255 255 255 217  33   0   0   0   0   0   0   0
221 221 221 225 254 255 255 222  63  33  33  33   3   0   0   0
 38  38  38  65 250 255 255 249 222 217 217 211  21   0   0   0
  0   0   0  31 249 255 255 255 255 255 255 249  25   0   0   0
  0   0   0  31 249 255 255 255 255 255 255 249  25   0   0   0
  6   6   6  36 243 249 249 250 254 255 255 249  25   0   0   0
223 223 223 199  36  31  31  65 225 255 255 249  25   0   0   0
255 255 255 223   6   0   0  38 221 255 255 249  25   0   0   0
255 255 255 223   6   0   0  38 221 255 255 249  25   0   0   0
255 255 255 223   6   0   0  38 221 255 255 249  25   0   0   0
  0   0   0   0   0   0   0  38 221 255 255 255 255 255 255 255
  0   0   0   0   0   0   0  38 221 255 255 255 255 255 255 255
  0   0   0   0   0   0   0  38 221 255 255 255 255 255 255 255
 25  25  25  25  25  25  25  55 202 230 230 230 230 229 230 230
249 249 249 249 249 249 249 212  38   6   6   6   6   6   6   6
255 255 255 255 255 255 255 217  33   0   0   0   0   0   0   0
255 255 255 255 255 255 255 217  33   0   0   0   0   0   0   0
221 221 221 225 254 255 255 222  63  33  33  33   3   0   0   0
 38  38  38  65 250 255 255 249 222 217 217 211  21   0   0   0
  0   0   0  31 249 255 255 255 255 255 255 249  25   0   0   0
  0   0   0  31 249 255 255 255 255 255 255 249  25   0   0   0
  6   6   6  36 243 249 249 250 254 255 255 249  25   0   0   0
223 223 223 199  36  31  31  65 225 255 255 249  25   0   0   0
255 255 255 223   6   0   0  38 221 255 255 249  25   0   0   0
255 255 255 223   6   0   0  38 221 255 255 249  25   0   0   0
255 255 255 223   6   0   0  38 221 255 255 249  25   0   0   0
